811	271	16
0.1903238594532013	0.22053349018096924	0.6606664657592773	0.6225712299346924	0.20229768753051758	1.0	5	0.0	0	0.0	0	0.25805023312568665	0.05891507863998413	-0.9643335342407227	0.9377339482307434	0.2249487042427063	0.2646753489971161	0.23251894116401672	-0.9725878238677979	0.002801395719870925
0.4747503995895386	-0.5748242735862732	0.6881857514381409	0.6614691615104675	0.5556131601333618	1.0	6	0.0	0	0.0	0	0.25805023312568665	0.05891507863998413	-0.9643335342407227	0.9377340078353882	0.2249487340450287	0.2646753787994385	0.2325189709663391	-0.9725878834724426	0.002801399677991867
0.32865333557128906	-0.58205646276474	0.6486491560935974	0.5991306304931641	0.5442336201667786	1.0	6	0.0	0	0.0	0	0.25805023312568665	0.05891507863998413	-0.9643335342407227	0.9377339482307434	0.2249487042427063	0.2646753489971161	0.23251894116401672	-0.9725878238677979	0.002801395719870925
0.0	0.2087516188621521	0.669040858745575	0.37109988927841187	0.0	1.0	0	0.0	0	0.0	0	-0.025989016517996788	-0.3039335012435913	-0.9523386359214783	0.9969333410263062	0.06246435269713402	-0.04714113846421242	0.0738149881362915	-0.9506433010101318	0.3013780415058136
0.16857314109802246	0.15628546476364136	0.6811848282814026	0.4407409727573395	0.0260457843542099	0	0	0	0	0	0	-0.025989016517996788	-0.3039335012435913	-0.9523386359214783	0.9969332814216614	0.06246434524655342	-0.04714113473892212	0.07381498068571091	-0.9506432414054871	0.3013780415058136
0.13398994505405426	-0.005120620131492615	0.7336404323577881	0.42615872621536255	0.0918496698141098	0	0	0	0	0	0	-0.025989016517996788	-0.3039335012435913	-0.9523386359214783	0.9969333410263062	0.06246435269713402	-0.04714113846421242	0.0738149881362915	-0.9506433010101318	0.3013780415058136
0.23455339670181274	-0.48899710178375244	0.618050754070282	0.44988536834716797	0.29973840713500977	1.0	13	0.0	0	0.0	0	-0.0015080042649060488	-0.19220760464668274	-0.9813531637191772	0.9980508685112	0.06093466281890869	-0.013468312099575996	0.0623871348798275	-0.9794607162475586	0.19174106419086456
0.1773364394903183	-1.0133463144302368	0.7208375930786133	0.4211024045944214	0.5162566900253296	0.5	14	0.5	13	0.0	0	-0.0015080042649060488	-0.19220760464668274	-0.9813531637191772	0.9980509281158447	0.06093467399477959	-0.01346831489354372	0.0623871386051178	-0.9794606566429138	0.19174104928970337
0.13711737096309662	-1.013030767440796	0.7208375930786133	0.40440258383750916	0.5151047706604004	0.5	14	0.5	13	0.0	0	-0.0015080042649060488	-0.19220760464668274	-0.9813531637191772	0.9980508685112	0.06093467399477959	-0.01346831489354372	0.062387146055698395	-0.9794607162475586	0.19174106419086456
0.0	0.4048665761947632	0.6618370413780212	0.5638095140457153	0.1078752875328064	1.0	0	0.0	0	0.0	0	-0.04166251793503761	-0.03667600080370903	-0.9984583854675293	0.9697739481925964	0.23898440599441528	-0.04924413189291954	0.24042204022407532	-0.9703304767608643	0.025610733777284622
0.1903238594532013	0.22053349018096924	0.6606664657592773	0.6225712299346924	0.20229768753051758	1.0	5	0.0	0	0.0	0	-0.04166251793503761	-0.03667600080370903	-0.9984583854675293	0.9697740077972412	0.23898443579673767	-0.04924413561820984	0.2404220700263977	-0.970330536365509	0.02561073750257492
0.0	0.2087516188621521	0.669040858745575	0.5451019406318665	0.18795672059059143	1.0	0	0.0	0	0.0	0	-0.04166251793503761	-0.03667600080370903	-0.9984583854675293	0.9697739481925964	0.23898440599441528	-0.04924413189291954	0.24042204022407532	-0.9703304767608643	0.025610733777284622
0.0655803382396698	-0.045572638511657715	1.003690481185913	0.5026313662528992	0.020406126976013184	0	0	0	0	0	0	0.28499937057495117	0.024276679381728172	0.9582202434539795	-0.954481303691864	-0.08457110822200775	0.2860299348831177	0.08798160403966904	-0.9961216449737549	-0.0009310748428106308
0.0	-0.5019047856330872	1.0347570180892944	0.5451019406318665	0.20808759331703186	1.0	13	0.0	0	0.0	0	0.28499937057495117	0.024276679381728172	0.9582202434539795	-0.9544813632965088	-0.08457111567258835	0.28602996468544006	0.08798161149024963	-0.9961217045783997	-0.00093107670545578
0.1057548001408577	-0.5007518529891968	1.003273606300354	0.49929919838905334	0.21151085197925568	1.0	13	0.0	0	0.0	0	0.28499937057495117	0.024276679381728172	0.9582202434539795	-0.954481303691864	-0.08457110822200775	0.2860299348831177	0.08798160403966904	-0.9961216449737549	-0.0009310748428106308
0.1057548001408577	-0.5007518529891968	1.003273606300354	0.49929919838905334	0.21151085197925568	1.0	13	0.0	0	0.0	0	-0.2883720099925995	-0.03976227343082428	0.9566925764083862	-0.9569554328918457	-0.022291038185358047	-0.28937771916389465	0.032831985503435135	-0.998960554599762	-0.03162261098623276
0.06204327940940857	-1.0258268117904663	0.9682745337486267	0.5309743285179138	0.4314148426055908	0.5	14	0.5	13	0.0	0	-0.2883720099925995	-0.03976227343082428	0.9566925764083862	-0.9569554328918457	-0.022291038185358047	-0.28937771916389465	0.032831985503435135	-0.998960554599762	-0.03162261098623276
0.12880699336528778	-1.0172092914581299	0.9887570142745972	0.5041002035140991	0.4284513592720032	0.5	14	0.5	13	0.0	0	-0.2883720099925995	-0.03976227343082428	0.9566925764083862	-0.9569554924964905	-0.022291041910648346	-0.28937771916389465	0.032831985503435135	-0.9989604949951172	-0.03162261098623276
0.16520074009895325	-0.04295685887336731	0.8488897085189819	0.05226820707321167	0.811353325843811	0	0	0	0	0	0	0.9598472714424133	0.17310994863510132	0.22074005007743835	0.23251256346702576	-0.050709087401628494	-0.9712705612182617	-0.15694306790828705	0.9835962653160095	-0.08892321586608887
0.21984735131263733	-0.4995080232620239	0.9693080186843872	0.014941990375518799	0.6152043342590332	1.0	13	0.0	0	0.0	0	0.9598472714424133	0.17310994863510132	0.22074005007743835	0.23251256346702576	-0.050709083676338196	-0.9712705612182617	-0.15694306790828705	0.9835962653160095	-0.08892320841550827
0.2636989951133728	-0.46989715099334717	0.7554056644439697	0.10450458526611328	0.63248610496521	1.0	13	0.0	0	0.0	0	0.9598472714424133	0.17310994863510132	0.22074005007743835	0.23251256346702576	-0.05070909112691879	-0.9712705612182617	-0.15694306790828705	0.9835962653160095	-0.08892322331666946
0.2310970425605774	-1.013768196105957	0.7208375930786133	0.4434249699115753	0.5177963972091675	0.5	14	0.5	13	0.0	0	0.0	0.0	-1.0	0.9981804490089417	0.060298074036836624	0.0	0.060298074036836624	-0.9981804490089417	0.0
0.17387451231479645	-1.8022099733352661	0.7208375930786133	0.4022585153579712	0.847177267074585	0.5	15	0.5	14	0.0	0	0.0	0.0	-1.0	0.9981804490089417	0.060298070311546326	0.0	0.060298070311546326	-0.9981804490089417	0.0
0.1773364394903183	-1.0133463144302368	0.7208375930786133	0.4211024045944214	0.5162566900253296	0.5	14	0.5	13	0.0	0	0.0	0.0	-1.0	0.9981803894042969	0.06029806658625603	0.0	0.06029806658625603	-0.9981803894042969	0.0
0.21984735131263733	-0.4995080232620239	0.9693080186843872	0.014941990375518799	0.6152043342590332	1.0	13	0.0	0	0.0	0	0.9774796366691589	0.043743621557950974	0.20644640922546387	0.20860961079597473	-0.052556272596120834	-0.9765858054161072	-0.031869348138570786	0.99765944480896	-0.06049802526831627
0.2704922556877136	-1.0132149457931519	0.8383638262748718	0.0846300721168518	0.4022790193557739	0.5	14	0.5	13	0.0	0	0.9774796366691589	0.043743621557950974	0.20644640922546387	0.20860961079597473	-0.052556272596120834	-0.9765858054161072	-0.031869348138570786	0.99765944480896	-0.06049802526831627
0.2636989951133728	-0.46989715099334717	0.7554056644439697	0.10450458526611328	0.63248610496521	1.0	13	0.0	0	0.0	0	0.9774796366691589	0.043743621557950974	0.20644640922546387	0.20860961079597473	-0.05255627632141113	-0.9765858054161072	-0.031869348138570786	0.99765944480896	-0.06049802899360657
0.0	-0.49186763167381287	0.8257672786712646	0.2629164755344391	0.6292245388031006	0.5	13	0.5	0	0.0	0	-0.9770686626434326	-0.05225995182991028	-0.2064114212989807	-0.208224356174469	0.03195973485708237	0.9775587320327759	-0.04449031874537468	0.9981219172477722	-0.042108651250600815
0.05000562220811844	-1.0123473405838013	0.7208375930786133	0.20903584361076355	0.4115335941314697	0.5	14	0.5	13	0.0	0	-0.9770686626434326	-0.05225995182991028	-0.2064114212989807	-0.20822438597679138	0.03195973485708237	0.9775587916374207	-0.04449031874537468	0.998121976852417	-0.042108651250600815
0.025514379143714905	-1.0273782014846802	0.8405748605728149	0.2591431438922882	0.40355706214904785	0.5	14	0.5	13	0.0	0	-0.9770686626434326	-0.05225995182991028	-0.2064114212989807	-0.20822440087795258	0.031959738582372665	0.9775588512420654	-0.04449031874537468	0.9981220364570618	-0.04210865497589111
0.13727770745754242	0.4513591527938843	0.9189116358757019	0.8937389254570007	0.3171020746231079	0	0	0	0	0	0	0.31645703315734863	0.4515092372894287	0.8342627286911011	0.9296048879623413	-0.32275375723838806	-0.17794598639011383	0.18891718983650208	0.831847071647644	-0.5218629240989685
0.0	0.26953375339508057	1.069389820098877	0.8397719264030457	0.22254669666290283	1.0	0	0.0	0	0.0	0	0.31645703315734863	0.4515092372894287	0.8342627286911011	0.9296048879623413	-0.3227537274360657	-0.17794600129127502	0.18891718983650208	0.831847071647644	-0.5218629240989685
0.1805102676153183	0.24370944499969482	1.0148940086364746	0.9167957305908203	0.23772907257080078	0	0	0	0	0	0	0.31645703315734863	0.4515092372894287	0.8342627286911011	0.9296048283576965	-0.3227537274360657	-0.17794598639011383	0.1889171600341797	0.8318470120429993	-0.5218629240989685
0.07258851826190948	-1.8098926544189453	0.8358141183853149	0.24251237511634827	0.07406651973724365	0.5	15	0.5	14	0.0	0	-0.9910722374916077	0.04093026742339134	-0.12688767910003662	-0.1253969818353653	0.03714530169963837	0.991411030292511	0.045292001217603683	0.9984712600708008	-0.03168114274740219
0.08128829300403595	-1.9718890190124512	0.7156081199645996	0.18894824385643005	0.00810384750366211	1.0	15	0.0	0	0.0	0	-0.9910722374916077	0.04093026742339134	-0.12688767910003662	-0.1253969967365265	0.03714529797434807	0.9914110898971558	0.045292001217603683	0.9984713196754456	-0.03168113902211189
0.06577114760875702	-1.9809712171554565	0.8338770866394043	0.2385319173336029	0.002444028854370117	1.0	15	0.0	0	0.0	0	-0.9910722374916077	0.04093026742339134	-0.12688767910003662	-0.1253969818353653	0.03714530169963837	0.991411030292511	0.045292001217603683	0.9984712600708008	-0.03168114274740219
0.2704922556877136	-1.0132149457931519	0.8383638262748718	0.0846300721168518	0.4022790193557739	0.5	14	0.5	13	0.0	0	0.9914871454238892	-0.06389807164669037	0.11344775557518005	0.10967350006103516	-0.05977419391274452	-0.9921687841415405	0.07017891108989716	0.9961646795272827	-0.052257414907217026
0.2074848860502243	-1.8124717473983765	0.9388508200645447	0.0634564757347107	0.06614291667938232	0.5	15	0.5	14	0.0	0	0.9914871454238892	-0.06389807164669037	0.11344775557518005	0.10967347770929337	-0.05977419391274452	-0.992168664932251	0.07017891854047775	0.9961646795272827	-0.052257418632507324
0.21762321889400482	-1.8274815082550049	0.8417918682098389	0.10474222898483276	0.06231856346130371	0.5	15	0.5	14	0.0	0	0.9914871454238892	-0.06389807164669037	0.11344775557518005	0.10967350006103516	-0.05977419763803482	-0.9921687841415405	0.07017891108989716	0.9961646795272827	-0.052257418632507324
0.025514379143714905	-1.0273782014846802	0.8405748605728149	0.2591431438922882	0.40355706214904785	0.5	14	0.5	13	0.0	0	-0.9981954097747803	-0.06004897132515907	0.0	-0.002662226092070341	0.04425424337387085	0.9990167617797852	-0.05998992919921875	0.9972139596939087	-0.04433424770832062
0.07258851826190948	-1.8098926544189453	0.7208375930786133	0.1941734254360199	0.07621169090270996	0.5	15	0.5	14	0.0	0	-0.9981954097747803	-0.06004897132515907	0.0	-0.002662226092070341	0.04425424337387085	0.9990167617797852	-0.05998992919921875	0.9972139596939087	-0.04433424770832062
0.07258851826190948	-1.8098926544189453	0.8358141183853149	0.24251237511634827	0.07406651973724365	0.5	15	0.5	14	0.0	0	-0.9981954097747803	-0.06004897132515907	0.0	-0.002662226092070341	0.04425424337387085	0.9990167617797852	-0.05998992919921875	0.9972139596939087	-0.04433424770832062
0.2310970425605774	-1.013768196105957	0.7208375930786133	0.8356889486312866	0.40970391035079956	0.5	14	0.5	13	0.0	0	0.0	0.0	-1.0	0.9999587535858154	-0.00908119697123766	-2.220446049250313e-16	-0.00908119697123766	-0.9999588131904602	0.0
0.07258851826190948	-1.8098926544189453	0.7208375930786133	0.7756054401397705	0.7447735071182251	0.5	15	0.5	14	0.0	0	0.0	0.0	-1.0	0.9999588131904602	-0.00908119697123766	-2.220446049250313e-16	-0.009081196039915085	-0.9999587535858154	0.0
0.05000562220811844	-1.0123473405838013	0.7208375930786133	0.760317325592041	0.40979790687561035	0.5	14	0.5	13	0.0	0	0.0	0.0	-1.0	0.9999587535858154	-0.00908119697123766	-2.220446049250313e-16	-0.00908119697123766	-0.9999588131904602	0.0
0.06204327940940857	-1.0258268117904663	0.9682745337486267	0.5309743285179138	0.4314148426055908	0.5	14	0.5	13	0.0	0	-0.28447654843330383	-0.06879789382219315	0.956211268901825	-0.9577901363372803	-0.022642161697149277	-0.2865753471851349	0.04136647284030914	-0.9973737001419067	-0.05945277586579323
0.1418820023536682	-1.8046367168426514	0.9359927177429199	0.5188765525817871	0.7600849866867065	0.5	15	0.5	14	0.0	0	-0.28447654843330383	-0.06879789382219315	0.956211268901825	-0.9577901363372803	-0.022642161697149277	-0.2865753471851349	0.04136647284030914	-0.9973737001419067	-0.05945277586579323
0.12880699336528778	-1.0172092914581299	0.9887570142745972	0.5041002035140991	0.4284513592720032	0.5	14	0.5	13	0.0	0	-0.28447654843330383	-0.06879789382219315	0.956211268901825	-0.9577900767326355	-0.022642161697149277	-0.2865753173828125	0.041366469115018845	-0.997373640537262	-0.05945277586579323
0.14120718836784363	0.899492621421814	1.0614463090896606	0.8260436654090881	0.960544228553772	0	0	0	0	0	0	0.5337331891059875	-0.43044814467430115	0.7279033660888672	0.8378151655197144	0.15223875641822815	-0.5242987871170044	0.11486832052469254	0.8896840810775757	0.44189080595970154
0.17585699260234833	0.960746169090271	1.072261929512024	0.842963457107544	0.9849517941474915	0	0	0	0	0	0	0.5337331891059875	-0.43044814467430115	0.7279033660888672	0.8378151059150696	0.15223875641822815	-0.5242987275123596	0.11486832052469254	0.8896840810775757	0.4418908357620239
0.10858790576457977	0.9604576826095581	1.1214162111282349	0.8124381899833679	0.9902523159980774	0	0	0	0	0	0	0.5337331891059875	-0.43044814467430115	0.7279033660888672	0.8378151059150696	0.15223875641822815	-0.5242987275123596	0.11486832052469254	0.8896840810775757	0.4418908357620239
0.10858790576457977	0.9604576826095581	1.1214162111282349	0.6936262845993042	0.5448147058486938	0	0	0	0	0	0	0.05674528703093529	0.5155680179595947	0.8549675941467285	-0.9957883358001709	0.09099283814430237	0.011220656335353851	-0.07201091945171356	-0.8520034551620483	0.5185600519180298
0.0432775616645813	1.047460913658142	1.073285698890686	0.7238202095031738	0.5096688270568848	0	0	0	0	0	0	0.05674528703093529	0.5155680179595947	0.8549675941467285	-0.9957883358001709	0.09099283814430237	0.011220656335353851	-0.07201091945171356	-0.8520034551620483	0.5185600519180298
0.05417541414499283	0.9583175182342529	1.1263182163238525	0.7163916826248169	0.5478993654251099	0	0	0	0	0	0	0.05674528703093529	0.5155680179595947	0.8549675941467285	-0.9957882761955261	0.09099283814430237	0.011220652610063553	-0.07201092690229416	-0.8520035147666931	0.5185600519180298
0.08558470010757446	0.5255314111709595	0.7631514072418213	0.6169010400772095	0.06633687019348145	0	0	0	0	0	0	0.1059163436293602	-0.3506130278110504	-0.9305117726325989	0.9710602164268494	0.23792001605033875	0.020884525030851364	0.21406501531600952	-0.9057950377464294	0.365666002035141
0.0	0.6194351315498352	0.7180271148681641	0.5885268449783325	0.019743621349334717	0	0	0	0	0	0	0.1059163436293602	-0.3506130278110504	-0.9305117726325989	0.9710602760314941	0.23792003095149994	0.020884526893496513	0.21406500041484833	-0.9057950377464294	0.365666002035141
0.09811136871576309	0.63669353723526	0.7226918339729309	0.6301518678665161	0.022493600845336914	0	0	0	0	0	0	0.1059163436293602	-0.3506130278110504	-0.9305117726325989	0.9710602164268494	0.23792001605033875	0.020884519442915916	0.21406498551368713	-0.9057949781417847	0.3656659722328186
0.0	1.0751863718032837	0.806159257888794	0.7424933910369873	0.40799424052238464	0	0	0	0	0	0	0.03082389198243618	0.8959724307060242	-0.44303882122039795	-0.9993043541908264	0.018314916640520096	-0.03248651698231697	-0.02099280245602131	0.44373199343681335	0.8959136605262756
0.12115232646465302	1.0043610334396362	0.6713557839393616	0.6891322731971741	0.37277740240097046	0	0	0	0	0	0	0.03082389198243618	0.8959724307060242	-0.44303882122039795	-0.9993043541908264	0.018314916640520096	-0.03248651698231697	-0.02099280245602131	0.44373199343681335	0.8959136605262756
0.0	1.0067352056503296	0.6677281260490417	0.7400340437889099	0.3728563189506531	0	0	0	0	0	0	0.03082389198243618	0.8959724307060242	-0.44303882122039795	-0.9993044137954712	0.018314916640520096	-0.03248652070760727	-0.020992808043956757	0.44373202323913574	0.8959137201309204
0.07287345826625824	0.8504928350448608	0.626152753829956	0.9094655513763428	0.155073881149292	0	0	0	0	0	0	0.12118492275476456	0.05486142262816429	-0.9911127686500549	-0.9921676516532898	-0.023773513734340668	-0.12262985110282898	-0.03028988279402256	0.9982109069824219	0.051550738513469696
0.0	0.9443544149398804	0.6224379539489746	0.9391350746154785	0.19535213708877563	0	0	0	0	0	0	0.12118492275476456	0.05486142262816429	-0.9911127686500549	-0.9921677112579346	-0.023773517459630966	-0.12262985855340958	-0.03028988651931286	0.9982109665870667	0.051550742238759995
0.11859168112277985	0.9402278661727905	0.6367099285125732	0.8889418840408325	0.19241654872894287	0	0	0	0	0	0	0.12118492275476456	0.05486142262816429	-0.9911127686500549	-0.9921677708625793	-0.023773519322276115	-0.12262986600399017	-0.03028988465666771	0.9982109069824219	0.051550738513469696
0.07287345826625824	0.8504928350448608	0.626152753829956	0.9094655513763428	0.155073881149292	0	0	0	0	0	0	0.38515570759773254	0.030428225174546242	-0.9223498106002808	-0.9226540327072144	-0.007983284071087837	-0.38554611802101135	-0.019094863906502724	0.9995050430297852	0.024999916553497314
0.0	0.7183074951171875	0.591361403465271	0.9432122707366943	0.09971582889556885	0	0	0	0	0	0	0.38515570759773254	0.030428225174546242	-0.9223498106002808	-0.9226540923118591	-0.007983284071087837	-0.38554611802101135	-0.019094862043857574	0.9995050430297852	0.024999914690852165
0.0	0.8549288511276245	0.5958685278892517	0.9416492581367493	0.15720587968826294	0	0	0	0	0	0	0.38515570759773254	0.030428225174546242	-0.9223498106002808	-0.9226540923118591	-0.007983284071087837	-0.38554614782333374	-0.019094863906502724	0.9995051026344299	0.024999920278787613
0.0	0.4855058193206787	0.6258686780929565	0.7083961963653564	0.8152537941932678	0	0	0	0	0	0	-1.0	0.0	0.0	0.0	0.015977440401911736	-0.9998723864555359	0.0	-0.9998723864555359	-0.015977440401911736
0.0	0.7135453820228577	0.6193234920501709	0.6608444452285767	0.897758960723877	0	0	0	0	0	0	-1.0	0.0	0.0	0.0	0.015977440401911736	-0.9998723268508911	0.0	-0.9998723268508911	-0.015977440401911736
0.0	0.7183074951171875	0.591361403465271	0.6618567705154419	0.8993209600448608	0	0	0	0	0	0	-1.0	0.0	0.0	0.0	0.015977438539266586	-0.9998723268508911	0.0	-0.9998723268508911	-0.015977438539266586
0.09811136871576309	0.63669353723526	0.7226918339729309	0.6301518678665161	0.022493600845336914	0	0	0	0	0	0	0.2914353013038635	-0.4137592315673828	-0.8624783754348755	0.9502238631248474	0.22906675934791565	0.21119403839111328	0.11018163710832596	-0.8810969591140747	0.45992201566696167
0.0	0.6686125993728638	0.6742269396781921	0.5904327630996704	0.0	0	0	0	0	0	0	0.2914353013038635	-0.4137592315673828	-0.8624783754348755	0.950223982334137	0.22906678915023804	0.21119408309459686	0.11018162965774536	-0.8810969591140747	0.45992201566696167
0.1183675229549408	0.6598488092422485	0.7184281349182129	0.6403157711029053	0.015097439289093018	0	0	0	0	0	0	0.2914353013038635	-0.4137592315673828	-0.8624783754348755	0.950223982334137	0.22906680405139923	0.21119406819343567	0.11018165200948715	-0.8810968995094299	0.45992201566696167
0.08558470010757446	0.5255314111709595	0.7631514072418213	0.053365468978881836	0.8609135150909424	0	0	0	0	0	0	0.9976568818092346	-0.0438971109688282	0.05247793346643448	0.02724081464111805	0.9584739208221436	0.2838764488697052	-0.06276007741689682	-0.28178173303604126	0.9574238061904907
0.08529298007488251	0.5916790962219238	0.8240289688110352	0.08724552392959595	0.8775813579559326	0	0	0	0	0	0	0.9976568818092346	-0.0438971109688282	0.05247793346643448	0.0272408127784729	0.958473801612854	0.2838764190673828	-0.06276007741689682	-0.28178173303604126	0.9574238061904907
0.08139608055353165	0.5148575901985168	0.8338526487350464	0.05759572982788086	0.8907328844070435	0	0	0	0	0	0	0.9976568818092346	-0.0438971109688282	0.05247793346643448	0.02724081464111805	0.9584738612174988	0.2838764488697052	-0.06276007741689682	-0.28178173303604126	0.957423746585846
0.1183675229549408	0.6598488092422485	0.7184281349182129	0.9282473921775818	0.7574808597564697	0	0	0	0	0	0	0.8263334035873413	-0.5396305918693542	-0.16115784645080566	0.5530571937561035	0.8315597176551819	0.05134451016783714	0.10630530118942261	-0.1315571814775467	0.9855921268463135
0.16473990678787231	0.6722944974899292	0.9145276546478271	0.9357751607894897	0.8391748070716858	0	0	0	0	0	0	0.8263334035873413	-0.5396305918693542	-0.16115784645080566	0.5530571341514587	0.8315597176551819	0.051344532519578934	0.10630528628826141	-0.13155719637870789	0.9855921268463135
0.12478043884038925	0.620671808719635	0.8824928402900696	0.9146293997764587	0.8271098732948303	0	0	0	0	0	0	0.8263334035873413	-0.5396305918693542	-0.16115784645080566	0.5530571937561035	0.8315597176551819	0.051344528794288635	0.10630529373884201	-0.13155721127986908	0.9855921864509583
0.16473990678787231	0.6722944974899292	0.9145276546478271	0.27580246329307556	0.7377398610115051	0	0	0	0	0	0	0.901190459728241	-0.26606640219688416	-0.34214702248573303	0.33505669236183167	-0.07309716194868088	0.9393581748008728	-0.274941623210907	-0.961179256439209	0.023272866383194923
0.0	0.4855058193206787	0.6258686780929565	0.16228720545768738	0.651661217212677	0	0	0	0	0	0	0.901190459728241	-0.26606640219688416	-0.34214702248573303	0.33505672216415405	-0.07309715449810028	0.9393581748008728	-0.274941623210907	-0.961179256439209	0.023272881284356117
0.17115958034992218	0.7241083979606628	0.8911441564559937	0.26390311121940613	0.7583057880401611	0	0	0	0	0	0	0.901190459728241	-0.26606640219688416	-0.34214702248573303	0.33505672216415405	-0.07309715449810028	0.9393581748008728	-0.274941623210907	-0.961179256439209	0.023272881284356117
0.13610480725765228	1.0623871088027954	0.8163132667541504	0.6718165874481201	0.8152537941932678	0	0	0	0	0	0	0.3818589150905609	0.8437677025794983	-0.3771469295024872	-0.7211662530899048	0.016814671456813812	-0.6925579309463501	-0.5780164003372192	0.5364450216293335	0.6149176359176636
0.16101226210594177	0.9860087633132935	0.6706553101539612	0.7300013303756714	0.7769094705581665	0	0	0	0	0	0	0.3818589150905609	0.8437677025794983	-0.3771469295024872	-0.7211662530899048	0.016814671456813812	-0.6925579309463501	-0.5780164003372192	0.5364450216293335	0.6149176359176636
0.12115232646465302	1.0043610334396362	0.6713557839393616	0.7300776839256287	0.7857233285903931	0	0	0	0	0	0	0.3818589150905609	0.8437677025794983	-0.3771469295024872	-0.7211662530899048	0.016814671456813812	-0.6925579309463501	-0.5780164003372192	0.5364450216293335	0.6149176359176636
0.08529298007488251	0.5916790962219238	0.8240289688110352	0.56319260597229	0.9118067622184753	0	0	0	0	0	0	0.7431679964065552	-0.643664538860321	-0.18274937570095062	-0.6549537181854248	-0.7556666731834412	-0.001886662095785141	-0.13688324391841888	0.12109449505805969	-0.983157753944397
0.1183675229549408	0.6598488092422485	0.7184281349182129	0.547441303730011	0.9561070203781128	0	0	0	0	0	0	0.7431679964065552	-0.643664538860321	-0.18274937570095062	-0.65495365858078	-0.7556666135787964	-0.0018866726895794272	-0.1368832290172577	0.1210944876074791	-0.9831576943397522
0.12478043884038925	0.620671808719635	0.8824928402900696	0.5451019406318665	0.8873505592346191	0	0	0	0	0	0	0.7431679964065552	-0.643664538860321	-0.18274937570095062	-0.6549537181854248	-0.7556666731834412	-0.0018866619793698192	-0.13688324391841888	0.12109449505805969	-0.983157753944397
0.13177794218063354	0.6854382157325745	0.6947067975997925	0.75068199634552	0.6182258129119873	0	0	0	0	0	0	0.19350971281528473	-0.7592483758926392	-0.6213661432266235	0.33496007323265076	0.6464095711708069	-0.6855336427688599	0.9221473932266235	-0.07547543197870255	0.3794044852256775
0.0	0.6686125993728638	0.6742269396781921	0.7300776839256287	0.5655750036239624	0	0	0	0	0	0	0.19350971281528473	-0.7592483758926392	-0.6213661432266235	0.33496007323265076	0.6464096307754517	-0.6855337023735046	0.9221473932266235	-0.07547541707754135	0.3794044852256775
0.0	0.7135453820228577	0.6193234920501709	0.75068199634552	0.5556131601333618	0	0	0	0	0	0	0.19350971281528473	-0.7592483758926392	-0.6213661432266235	0.33496007323265076	0.6464096307754517	-0.6855337023735046	0.9221473932266235	-0.07547541707754135	0.3794044852256775
0.11859168112277985	0.9402278661727905	0.6367099285125732	0.8889418840408325	0.19241654872894287	0	0	0	0	0	0	0.03563233092427254	0.47389358282089233	-0.8798609972000122	-0.9980970025062561	-0.027461128309369087	-0.05521119385957718	-0.05032619833946228	0.8801537752151489	0.4720132052898407
0.0	1.0067352056503296	0.6677281260490417	0.9356920719146729	0.22254669666290283	0	0	0	0	0	0	0.03563233092427254	0.47389358282089233	-0.8798609972000122	-0.9980970621109009	-0.027461128309369087	-0.05521119758486748	-0.05032620206475258	0.8801538944244385	0.4720132350921631
0.12115232646465302	1.0043610334396362	0.6713557839393616	0.8850893974304199	0.22008192539215088	0	0	0	0	0	0	0.03563233092427254	0.47389358282089233	-0.8798609972000122	-0.9980970025062561	-0.027461126446723938	-0.05521119385957718	-0.05032620206475258	0.8801539540290833	0.4720132648944855
0.06677398085594177	0.8980485200881958	1.0972422361373901	0.7932111024856567	0.9650450944900513	0	0	0	0	0	0	0.09781181067228317	-0.4157703220844269	0.904194712638855	0.9919140338897705	0.11455415189266205	-0.05462616682052612	-0.08086730539798737	0.9022263884544373	0.42361313104629517
0.10858790576457977	0.9604576826095581	1.1214162111282349	0.8124381899833679	0.9902523159980774	0	0	0	0	0	0	0.09781181067228317	-0.4157703220844269	0.904194712638855	0.9919139742851257	0.11455414444208145	-0.054626163095235825	-0.08086731284856796	0.902226448059082	0.42361313104629517
0.05417541414499283	0.9583175182342529	1.1263182163238525	0.789526641368866	0.9920663833618164	0	0	0	0	0	0	0.09781181067228317	-0.4157703220844269	0.904194712638855	0.9919140338897705	0.11455415189266205	-0.05462617054581642	-0.08086730539798737	0.9022263884544373	0.42361313104629517
0.17115958034992218	0.7241083979606628	0.8911441564559937	0.26390311121940613	0.7583057880401611	0	0	0	0	0	0	-0.9492093324661255	-0.3144800066947937	-0.010195902548730373	0.021101191639900208	-0.09595529735088348	0.9951620101928711	-0.31393691897392273	0.9444019198417664	0.09771756827831268
0.25297555327415466	0.4839984178543091	0.6802064776420593	0.18546244502067566	0.647381603717804	0	0	0	0	0	0	-0.9492093324661255	-0.3144800066947937	-0.010195902548730373	0.02110118977725506	-0.09595528990030289	0.9951620101928711	-0.31393691897392273	0.9444019198417664	0.09771756082773209
0.2643270194530487	0.44290077686309814	0.8910233974456787	0.27545663714408875	0.6385356187820435	0	0	0	0	0	0	-0.9492093324661255	-0.3144800066947937	-0.010195902548730373	0.02110118977725506	-0.09595528990030289	0.9951620101928711	-0.31393691897392273	0.9444019198417664	0.09771756082773209
0.07287345826625824	0.8504928350448608	0.626152753829956	0.9094655513763428	0.155073881149292	0	0	0	0	0	0	0.20959345996379852	-0.04108715429902077	-0.9769250750541687	-0.9777392745018005	-0.01884271949529648	-0.2089756578207016	-0.009821707382798195	0.9989778399467468	-0.04412183165550232
0.25297555327415466	0.4839984178543091	0.6802064776420593	0.834565281867981	0.0	0	0	0	0	0	0	0.20959345996379852	-0.04108715429902077	-0.9769250750541687	-0.9777393341064453	-0.01884271949529648	-0.2089756727218628	-0.009821707382798195	0.9989778995513916	-0.04412183538079262
0.0	0.4855058193206787	0.6258686780929565	0.9432122707366943	0.002675354480743408	0	0	0	0	0	0	0.20959345996379852	-0.04108715429902077	-0.9769250750541687	-0.9777393341064453	-0.018842721357941628	-0.2089756727218628	-0.009821709245443344	0.9989778995513916	-0.04412183538079262
0.07453511655330658	0.5807217359542847	0.9064620733261108	0.5675351619720459	0.8771033883094788	0	0	0	0	0	0	0.5752842426300049	-0.8062517046928406	-0.13786309957504272	-0.8145831227302551	-0.58000248670578	-0.007172210607677698	-0.07417833805084229	0.11642701178789139	-0.9904253482818604
0.12478043884038925	0.620671808719635	0.8824928402900696	0.5451019406318665	0.8873505592346191	0	0	0	0	0	0	0.5752842426300049	-0.8062517046928406	-0.13786309957504272	-0.8145831823348999	-0.5800025463104248	-0.00717221898958087	-0.07417833805084229	0.11642702668905258	-0.9904253482818604
0.1112746074795723	0.5866958498954773	1.0248332023620605	0.5510615110397339	0.827551007270813	0	0	0	0	0	0	0.5752842426300049	-0.8062517046928406	-0.13786309957504272	-0.8145831227302551	-0.58000248670578	-0.007172210607677698	-0.07417833805084229	0.11642701178789139	-0.9904253482818604
0.08593301475048065	1.053364634513855	1.0573889017105103	0.7060950398445129	0.5019888877868652	0	0	0	0	0	0	0.5598154664039612	0.8154692053794861	0.1470264345407486	-0.8157041668891907	0.511143684387207	0.27084845304489136	0.14571693539619446	-0.27155524492263794	0.9513277411460876
0.1888677477836609	1.0186108350753784	0.8582152128219604	0.6614691615104675	0.43603968620300293	0	0	0	0	0	0	0.5598154664039612	0.8154692053794861	0.1470264345407486	-0.8157041072845459	0.511143684387207	0.27084845304489136	0.14571693539619446	-0.27155521512031555	0.9513276815414429
0.13610480725765228	1.0623871088027954	0.8163132667541504	0.6849848031997681	0.4122886657714844	0	0	0	0	0	0	0.5598154664039612	0.8154692053794861	0.1470264345407486	-0.8157041668891907	0.511143684387207	0.27084845304489136	0.14571693539619446	-0.27155524492263794	0.9513277411460876
0.16473990678787231	0.6722944974899292	0.9145276546478271	0.9357751607894897	0.8391748070716858	0	0	0	0	0	0	0.9813411235809326	-0.18155065178871155	0.06331551820039749	0.1786523014307022	0.9827004075050354	0.04881976917386055	-0.0710834488272667	-0.03659738600254059	0.9967987537384033
0.16358833014965057	0.7163262367248535	1.0586326122283936	0.9569104313850403	0.8989159464836121	0	0	0	0	0	0	0.9813411235809326	-0.18155065178871155	0.06331551820039749	0.17865228652954102	0.9827003479003906	0.04881976544857025	-0.0710834413766861	-0.03659738227725029	0.9967987537384033
0.15367993712425232	0.6620771884918213	1.0566514730453491	0.9343863725662231	0.8992164731025696	0	0	0	0	0	0	0.9813411235809326	-0.18155065178871155	0.06331551820039749	0.1786523014307022	0.9827004075050354	0.04881976917386055	-0.0710834488272667	-0.03659738600254059	0.9967987537384033
0.1112746074795723	0.5866958498954773	1.0248332023620605	0.9033438563346863	0.8877190351486206	0	0	0	0	0	0	0.8654087781906128	-0.5000821352005005	0.031394459307193756	0.49826300144195557	0.8654945492744446	0.0515107698738575	-0.05293133854866028	-0.02893517166376114	0.9981788396835327
0.16473990678787231	0.6722944974899292	0.9145276546478271	0.9357751607894897	0.8391748070716858	0	0	0	0	0	0	0.8654087781906128	-0.5000821352005005	0.031394459307193756	0.49826300144195557	0.8654945492744446	0.0515107661485672	-0.05293133854866028	-0.02893516793847084	0.9981788396835327
0.15367993712425232	0.6620771884918213	1.0566514730453491	0.9343863725662231	0.8992164731025696	0	0	0	0	0	0	0.8654087781906128	-0.5000821352005005	0.031394459307193756	0.49826300144195557	0.8654945492744446	0.0515107698738575	-0.05293133854866028	-0.02893517166376114	0.9981788396835327
0.08139608055353165	0.5148575901985168	0.8338526487350464	0.05759572982788086	0.8907328844070435	0	0	0	0	0	0	0.9915808439254761	-0.034346409142017365	0.1248515248298645	-0.0025115758180618286	0.9588984847068787	0.28373825550079346	-0.12946531176567078	-0.2816629707813263	0.9507390260696411
0.07453511655330658	0.5807217359542847	0.9064620733261108	0.0929480791091919	0.912192165851593	0	0	0	0	0	0	0.9915808439254761	-0.034346409142017365	0.1248515248298645	-0.002511575585231185	0.9588984251022339	0.28373822569847107	-0.12946531176567078	-0.2816629707813263	0.9507390856742859
0.07339183986186981	0.5119607448577881	0.8966260552406311	0.06412607431411743	0.916438102722168	0	0	0	0	0	0	0.9915808439254761	-0.034346409142017365	0.1248515248298645	-0.002511575585231185	0.9588984251022339	0.28373822569847107	-0.12946531176567078	-0.2816629707813263	0.9507390856742859
0.08593301475048065	1.053364634513855	1.0573889017105103	0.7060950398445129	0.5019888877868652	0	0	0	0	0	0	0.12107981741428375	0.9916350841522217	0.04471784085035324	-0.9923744797706604	0.11987677961587906	0.028679851442575455	0.023079315200448036	-0.047849398106336594	0.998587965965271
0.0	1.0751863718032837	0.806159257888794	0.7424933910369873	0.40799424052238464	0	0	0	0	0	0	0.12107981741428375	0.9916350841522217	0.04471784085035324	-0.9923744797706604	0.11987677961587906	0.028679853305220604	0.023079317063093185	-0.047849398106336594	0.998587965965271
0.0	1.0643271207809448	1.0469672679901123	0.7424933910369873	0.4972078502178192	0	0	0	0	0	0	0.12107981741428375	0.9916350841522217	0.04471784085035324	-0.9923744201660156	0.11987677216529846	0.028679851442575455	0.023079315200448036	-0.047849398106336594	0.998587965965271
0.16358833014965057	0.7163262367248535	1.0586326122283936	0.33436319231987	0.7620630860328674	0	0	0	0	0	0	-0.9476980566978455	-0.3139590919017792	-0.057427916675806046	-0.02760889194905758	-0.09861508756875992	0.9947426319122314	-0.31797173619270325	0.944301187992096	0.08478926867246628
0.2643270194530487	0.44290077686309814	0.8910233974456787	0.27545663714408875	0.6385356187820435	0	0	0	0	0	0	-0.9476980566978455	-0.3139590919017792	-0.057427916675806046	-0.02760889381170273	-0.09861507266759872	0.9947425723075867	-0.31797173619270325	0.9443012475967407	0.08478926122188568
0.2567557692527771	0.4351186752319336	1.0585119724273682	0.3459167778491974	0.6422929167747498	0	0	0	0	0	0	-0.9476980566978455	-0.3139590919017792	-0.057427916675806046	-0.02760889381170273	-0.09861508011817932	0.9947426319122314	-0.31797173619270325	0.944301187992096	0.08478926122188568
0.06204327940940857	-1.0258268117904663	0.9682745337486267	0.3127911388874054	0.4009798765182495	0.5	14	0.5	13	0.0	0	-0.9972814321517944	-0.025116223841905594	0.06927504390478134	0.06801273673772812	0.04804188013076782	0.9965271353721619	-0.02835710160434246	0.9985295534133911	-0.046203047037124634
0.07258851826190948	-1.8098926544189453	0.8358141183853149	0.24251237511634827	0.07406651973724365	0.5	15	0.5	14	0.0	0	-0.9972814321517944	-0.025116223841905594	0.06927504390478134	0.06801272928714752	0.048041876405477524	0.9965270757675171	-0.02835709974169731	0.9985294938087463	-0.046203043311834335
0.0796954482793808	-1.8187867403030396	0.9349006414413452	0.28399208188056946	0.06831967830657959	0.5	15	0.5	14	0.0	0	-0.9972814321517944	-0.025116223841905594	0.06927504390478134	0.06801273673772812	0.04804188013076782	0.9965271353721619	-0.02835710160434246	0.9985295534133911	-0.046203047037124634
0.2704922556877136	-1.0132149457931519	0.8383638262748718	0.0846300721168518	0.4022790193557739	0.5	14	0.5	13	0.0	0	0.9480542540550232	-0.015783187001943588	-0.3177168667316437	-0.3178994059562683	-0.08322962373495102	-0.9444642663002014	-0.011536800302565098	0.9964054822921753	-0.08392367511987686
0.21508188545703888	-1.8192386627197266	0.7130622863769531	0.1585148572921753	0.06946122646331787	0.5	15	0.5	14	0.0	0	0.9480542540550232	-0.015783187001943588	-0.3177168667316437	-0.3178994059562683	-0.08322963118553162	-0.9444642663002014	-0.011536802165210247	0.9964054822921753	-0.08392368257045746
0.2310970425605774	-1.013768196105957	0.7208375930786133	0.13344496488571167	0.4063832759857178	0.5	14	0.5	13	0.0	0	0.9480542540550232	-0.015783187001943588	-0.3177168667316437	-0.3178994059562683	-0.08322962373495102	-0.9444642663002014	-0.011536800302565098	0.9964054822921753	-0.08392367511987686
0.0796954482793808	-1.8187867403030396	0.9349006414413452	0.28399208188056946	0.06831967830657959	0.5	15	0.5	14	0.0	0	-0.994572103023529	0.10099028795957565	-0.025046981871128082	-0.020763147622346878	0.04324866458773613	0.998848557472229	0.10195725411176682	0.9939469695091248	-0.040917038917541504
0.06577114760875702	-1.9809712171554565	0.8338770866394043	0.2385319173336029	0.002444028854370117	1.0	15	0.0	0	0.0	0	-0.994572103023529	0.10099028795957565	-0.025046981871128082	-0.020763147622346878	0.04324866458773613	0.9988486170768738	0.10195724666118622	0.99394690990448	-0.040917035192251205
0.06308197230100632	-1.982463002204895	0.9346446394920349	0.2808744013309479	0.0	1.0	15	0.0	0	0.0	0	-0.994572103023529	0.10099028795957565	-0.025046981871128082	-0.020763147622346878	0.04324866458773613	0.9988486170768738	0.10195723921060562	0.99394690990448	-0.040917035192251205
0.0	-0.49186763167381287	0.8257672786712646	0.2629164755344391	0.6292245388031006	0.5	13	0.5	0	0.0	0	-0.9931284189224243	-0.1168946847319603	-0.005614105146378279	-0.010803040117025375	0.043803684413433075	0.998981773853302	-0.11652974039316177	0.9921778440475464	-0.04476550221443176
0.06204327940940857	-1.0258268117904663	0.9682745337486267	0.3127911388874054	0.4009798765182495	0.5	14	0.5	13	0.0	0	-0.9931284189224243	-0.1168946847319603	-0.005614105146378279	-0.01080304104834795	0.04380368813872337	0.998981773853302	-0.11652974039316177	0.9921778440475464	-0.04476550593972206
0.0	-0.5019047856330872	1.0347570180892944	0.35059431195259094	0.6211118698120117	1.0	13	0.0	0	0.0	0	-0.9931284189224243	-0.1168946847319603	-0.005614105146378279	-0.01080304104834795	0.04380368813872337	0.998981773853302	-0.11652974039316177	0.9921778440475464	-0.04476550593972206
0.2636989951133728	-0.46989715099334717	0.7554056644439697	0.10450458526611328	0.63248610496521	1.0	13	0.0	0	0.0	0	0.9784666299819946	-0.045862458646297455	-0.2012452483177185	-0.2043570727109909	-0.07824971526861191	-0.9757639169692993	0.029003549367189407	0.9958783388137817	-0.08593705296516418
0.2310970425605774	-1.013768196105957	0.7208375930786133	0.13344496488571167	0.4063832759857178	0.5	14	0.5	13	0.0	0	0.9784666299819946	-0.045862458646297455	-0.2012452483177185	-0.2043570876121521	-0.0782497227191925	-0.9757639765739441	0.029003549367189407	0.9958783984184265	-0.08593706041574478
0.23455339670181274	-0.48899710178375244	0.618050754070282	0.162287175655365	0.6291077136993408	1.0	13	0.0	0	0.0	0	0.9784666299819946	-0.045862458646297455	-0.2012452483177185	-0.2043570876121521	-0.07824971526861191	-0.9757639765739441	0.029003551229834557	0.9958783984184265	-0.08593705296516418
0.1366771161556244	-0.03896915912628174	0.7327584028244019	0.10051971673965454	0.8170373439788818	0	0	0	0	0	0	0.9355824589729309	0.2634172737598419	-0.23515263199806213	-0.22199741005897522	-0.07908594608306885	-0.971834659576416	-0.27459532022476196	0.9614347815513611	-0.015513472259044647
0.2636989951133728	-0.46989715099334717	0.7554056644439697	0.10450458526611328	0.63248610496521	1.0	13	0.0	0	0.0	0	0.9355824589729309	0.2634172737598419	-0.23515263199806213	-0.2219974249601364	-0.07908594608306885	-0.9718347191810608	-0.2745952904224396	0.9614347219467163	-0.015513468533754349
